===== Evaluation Summary =====

Timestamp: 2026-04-07 12:01:23.651598

dice_per_class: [0.9993218183517456, 0.8162873387336731, 0.8949949145317078, 0.8843247294425964]
mean_dice: 0.8987322449684143
hd95: 3.294489408107818
sensitivity: 0.912773655851537
specificity: 0.9871188100565362
