===== Evaluation Summary =====

Timestamp: 2026-04-01 14:59:45.931638

dice_per_class: [0.9990982413291931, 0.5629630088806152, 0.8415118455886841, 0.8180621266365051]
mean_dice: 0.805408775806427
hd95: 5.604594185029236
sensitivity: 2.0430347780386606
specificity: 1.0290747496816848
