===== Evaluation Summary =====

Timestamp: 2026-04-01 06:35:35.746416

dice_per_class: [0.9990578889846802, 0.5629630088806152, 0.8540434837341309, 0.8086317181587219]
mean_dice: 0.8061739802360535
hd95: 6.985785857017372
sensitivity: 2.1670201155874462
specificity: 1.0289259831110635
