===== Evaluation Summary =====

Timestamp: 2026-04-05 07:59:51.067188

dice_per_class: [0.9991110563278198, 0.7527279853820801, 0.8723549842834473, 0.8676817417144775]
mean_dice: 0.8729689717292786
hd95: 4.182855829418805
sensitivity: 0.9200867767574821
specificity: 0.9885765582323074
