===== Evaluation Summary =====

Timestamp: 2026-04-04 01:03:46.871118

dice_per_class: [0.9990469217300415, 0.745347797870636, 0.868232011795044, 0.8649483323097229]
mean_dice: 0.8693937659263611
hd95: 4.335389357114887
sensitivity: 2.2765811218155756
specificity: 1.0294559434608177
